-1.010077467448066812e+00 0.000000000000000000e+00 
-1.010077467436645504e+00 1.209848927886637809e-09 
-1.010077467402383800e+00 2.419465868092527016e-09 
-1.010077467345289248e+00 3.628618903446093873e-09 
-1.010077467265374951e+00 4.837076257755266630e-09 
-1.010077467162658005e+00 6.044606366200169291e-09 
-1.010077467037161725e+00 7.250977945609436446e-09 
-1.010077466888913422e+00 8.455960064581557460e-09 
-1.010077466717945960e+00 9.659322213412800608e-09 
-1.010077466524297307e+00 1.086083437379345964e-08 
-1.010077466308010319e+00 1.206026708823436750e-08 
-1.010077466069132734e+00 1.325739152918602062e-08 
-1.010077465807717179e+00 1.445197956781274743e-08 
-1.010077465523821383e+00 1.564380384238492780e-08 
-1.010077465217507964e+00 1.683263782625248878e-08 
-1.010077464888844423e+00 1.801825589536340132e-08 
-1.010077464537903147e+00 1.920043339529135283e-08 
-1.010077464164761629e+00 2.037894670773719723e-08 
-1.010077463769501582e+00 2.155357331646937472e-08 
-1.010077463352209826e+00 2.272409187266901293e-08 
-1.010077462912978286e+00 2.389028225964603336e-08 
-1.010077462451902885e+00 2.505192565689311298e-08 
-1.010077461969085100e+00 2.620880460344516478e-08 
-1.010077461464629955e+00 2.736070306051246777e-08 
-1.010077460938648031e+00 2.850740647335651311e-08 
-1.010077460391254123e+00 2.964870183237807651e-08 
-1.010077459822567469e+00 3.078437773338812224e-08 
-1.010077459232711750e+00 3.191422443703258733e-08 
-1.010077458621815527e+00 3.303803392734310729e-08 
-1.010077457990011363e+00 3.415559996938657804e-08 
-1.010077457337436035e+00 3.526671816598710770e-08 
-1.010077456664230766e+00 3.637118601349499010e-08 
-1.010077455970541438e+00 3.746880295657803017e-08 
-1.010077455256517043e+00 3.855937044201168307e-08 
-1.010077454522312124e+00 3.964269197144498487e-08 
-1.010077453768083888e+00 4.071857315312083428e-08 
-1.010077452993994651e+00 4.178682175252921142e-08 
-1.010077452200210057e+00 4.284724774197381211e-08 
-1.010077451386899972e+00 4.389966334903298657e-08 
-1.010077450554238032e+00 4.494388310389678444e-08 
-1.010077449702401653e+00 4.597972388556333766e-08 
-1.010077448831571578e+00 4.700700496687839482e-08 
-1.010077447941932771e+00 4.802554805840289944e-08 
-1.010077447033673748e+00 4.903517735109462280e-08 
-1.010077446106985910e+00 5.003571955779078864e-08 
-1.010077445162065102e+00 5.102700395347944064e-08 
-1.010077444199109609e+00 5.200886241434873997e-08 
-1.010077443218321935e+00 5.298112945560380337e-08 
-1.010077442219906807e+00 5.394364226804216154e-08 
-1.010077441204073168e+00 5.489624075337969835e-08 
-1.010077440171032404e+00 5.583876755831986444e-08 
-1.010077439120999010e+00 5.677106810735996471e-08 
-1.010077438054190813e+00 5.769299063432955664e-08 
-1.010077436970828302e+00 5.860438621265631392e-08 
-1.010077435871134854e+00 5.950510878435647018e-08 
-1.010077434755336512e+00 6.039501518774721583e-08 
-1.010077433623661980e+00 6.127396518387969787e-08 
-1.010077432476342851e+00 6.214182148169212651e-08 
-1.010077431313612717e+00 6.299844976188328625e-08 
-1.010077430135708276e+00 6.384371869950787433e-08 
-1.010077428942868227e+00 6.467749998529551263e-08 
-1.010077427735333488e+00 6.549966834569677505e-08 
-1.010077426513347643e+00 6.631010156165969767e-08 
-1.010077425277155827e+00 6.710868048614174820e-08 
-1.010077424027006066e+00 6.789528906036236332e-08 
-1.010077422763147492e+00 6.866981432880257866e-08 
-1.010077421485831684e+00 6.943214645295848804e-08 
-1.010077420195311992e+00 7.018217872385635385e-08 
-1.010077418891843770e+00 7.091980757333797104e-08 
-1.010077417575683700e+00 7.164493258412517883e-08 
-1.010077416247090021e+00 7.235745649867335345e-08 
-1.010077414906322968e+00 7.305728522682481403e-08 
-1.010077413553644110e+00 7.374432785227257077e-08 
-1.010077412189316126e+00 7.441849663784673692e-08 
-1.010077410813603027e+00 7.507970702963570144e-08 
-1.010077409426770823e+00 7.572787765995490005e-08 
-1.010077408029085522e+00 7.636293034917673732e-08 
-1.010077406620815355e+00 7.698479010643576799e-08 
-1.010077405202228773e+00 7.759338512922323296e-08 
-1.010077403773595561e+00 7.818864680188619625e-08 
-1.010077402335185948e+00 7.877050969304679449e-08 
-1.010077400887271937e+00 7.933891155195699090e-08 
-1.010077399430125089e+00 7.989379330380554951e-08 
-1.010077397964018520e+00 8.043509904399354834e-08 
-1.010077396489225343e+00 8.096277603139559697e-08 
-1.010077395006019341e+00 8.147677468062406997e-08 
-1.010077393514674959e+00 8.197704855331387897e-08 
-1.010077392015467090e+00 8.246355434844591540e-08 
-1.010077390508670181e+00 8.293625189172725572e-08 
-1.010077388994559788e+00 8.339510412404667153e-08 
-1.010077387473411248e+00 8.384007708902411870e-08 
-1.010077385945499895e+00 8.427113991967310512e-08 
-1.010077384411101509e+00 8.468826482419507469e-08 
-1.010077382870491203e+00 8.509142707092505103e-08 
-1.010077381323944312e+00 8.548060497244798302e-08 
-1.010077379771736394e+00 8.585577986890519448e-08 
-1.010077378214142119e+00 8.621693611051096239e-08 
-1.010077376651436154e+00 8.656406103929834805e-08 
-1.010077375083892726e+00 8.689714497011478212e-08 
-1.010077373511786059e+00 8.721618117088677924e-08 
-1.010077371935389046e+00 8.752116584217374058e-08 
-1.010077370354975024e+00 8.781209809603102754e-08 
-1.010077368770815998e+00 8.808897993420197353e-08 
-1.010077367183183306e+00 8.835181622565873921e-08 
-1.010077365592348064e+00 8.860061468351202227e-08 
-1.010077363998580280e+00 8.883538584130930213e-08 
-1.010077362402149070e+00 8.905614302874143207e-08 
-1.010077360803323332e+00 8.926290234677733853e-08 
-1.010077359202369740e+00 8.945568264224620353e-08 
-1.010077357599554970e+00 8.963450548188688976e-08 
-1.010077355995144366e+00 8.979939512588378583e-08 
-1.010077354389402382e+00 8.995037850090836806e-08 
-1.010077352782591475e+00 9.008748517268561648e-08 
-1.010077351174974325e+00 9.021074731810421101e-08 
-1.010077349566811167e+00 9.032019969688930120e-08 
-1.010077347958361127e+00 9.041587962285648440e-08 
-1.010077346349882221e+00 9.049782693476533594e-08 
-1.010077344741631356e+00 9.056608396679094051e-08 
-1.010077343133863215e+00 9.062069551863121281e-08 
-1.010077341526831596e+00 9.066170882526805950e-08 
-1.010077339920788519e+00 9.068917352639983953e-08 
-1.010077338315984452e+00 9.070314163556261918e-08 
-1.010077336712668528e+00 9.070366750895736118e-08 
-1.010077335111087882e+00 9.069080781399997516e-08 
-1.010077333511487652e+00 9.066462149761081289e-08 
-1.010077331914112087e+00 9.062516975426021794e-08 
-1.010077330319202771e+00 9.057251599378618387e-08 
-1.010077328727000401e+00 9.050672580900006885e-08 
-1.010077327137742786e+00 9.042786694309603687e-08 
-1.010077325551666627e+00 9.033600925687955150e-08 
-1.010077323969006180e+00 9.023122469583016891e-08 
-1.010077322389994370e+00 9.011358725701332071e-08 
-1.010077320814861457e+00 8.998317295585577751e-08 
-1.010077319243835925e+00 8.984005979279900729e-08 
-1.010077317677144482e+00 8.968432771984437837e-08 
-1.010077316115011392e+00 8.951605860700411658e-08 
-1.010077314557658701e+00 8.933533620867130478e-08 
-1.010077313005306898e+00 8.914224612992201371e-08 
-1.010077311458173588e+00 8.893687579276266696e-08 
-1.010077309916474819e+00 8.871931440233489546e-08 
-1.010077308380423755e+00 8.848965291309058696e-08 
-1.010077306850232004e+00 8.824798399494859198e-08 
-1.010077305326108510e+00 8.799440199944536822e-08 
-1.010077303808259552e+00 8.772900292589057471e-08 
-1.010077302296890078e+00 8.745188438753891853e-08 
-1.010077300792201704e+00 8.716314557778918590e-08 
-1.010077299294394271e+00 8.686288723642080747e-08 
-1.010077297803664953e+00 8.655121161587851921e-08 
-1.010077296320208484e+00 8.622822244761491259e-08 
-1.010077294844217599e+00 8.589402490850080054e-08 
-1.010077293375882146e+00 8.554872558731258381e-08 
-1.010077291915389530e+00 8.519243245130621331e-08 
-1.010077290462924937e+00 8.482525481288615248e-08 
-1.010077289018670887e+00 8.444730329637845849e-08 
-1.010077287582807681e+00 8.405868980491609540e-08 
-1.010077286155512288e+00 8.365952748744457882e-08 
-1.010077284736960346e+00 8.324993070585597262e-08 
-1.010077283327323716e+00 8.283001500225874177e-08 
-1.010077281926772708e+00 8.239989706639068751e-08 
-1.010077280535474520e+00 8.195969470318224421e-08 
-1.010077279153593910e+00 8.150952680047703308e-08 
-1.010077277781292970e+00 8.104951329691588011e-08 
-1.010077276418731351e+00 8.057977514999112721e-08 
-1.010077275066065594e+00 8.010043430427715282e-08 
-1.010077273723450464e+00 7.961161365984284566e-08 
-1.010077272391037617e+00 7.911343704085202724e-08 
-1.010077271068975824e+00 7.860602916435693162e-08 
-1.010077269757411633e+00 7.808951560929024833e-08 
-1.010077268456488930e+00 7.756402278566034719e-08 
-1.010077267166348713e+00 7.702967790395501897e-08 
-1.010077265887129538e+00 7.648660894475766231e-08 
-1.010077264618967074e+00 7.593494462858080100e-08 
-1.010077263361994770e+00 7.537481438592084866e-08 
-1.010077262116342967e+00 7.480634832753819766e-08 
-1.010077260882139338e+00 7.422967721496615232e-08 
-1.010077259659508897e+00 7.364493243125287571e-08 
-1.010077258448574877e+00 7.305224595193893064e-08 
-1.010077257249456517e+00 7.245175031627441195e-08 
-1.010077256062271056e+00 7.184357859867814485e-08 
-1.010077254887133069e+00 7.122786438044225814e-08 
-1.010077253724154245e+00 7.060474172168439548e-08 
-1.010077252573444051e+00 6.997434513355051606e-08 
-1.010077251435108625e+00 6.933680955067038896e-08 
-1.010077250309252106e+00 6.869227030386799158e-08 
-1.010077249195975746e+00 6.804086309312911487e-08 
-1.010077248095377911e+00 6.738272396082789591e-08 
-1.010077247007554302e+00 6.671798926521393230e-08 
-1.010077245932598400e+00 6.604679565416205615e-08 
-1.010077244870601021e+00 6.536928003918562795e-08 
-1.010077243821649873e+00 6.468557956971526936e-08 
-1.010077242785830220e+00 6.399583160764389534e-08 
-1.010077241763225331e+00 6.330017370213947468e-08 
-1.010077240753914696e+00 6.259874356472596927e-08 
-1.010077239757976031e+00 6.189167904463394738e-08 
-1.010077238775484387e+00 6.117911810442114905e-08 
-1.010077237806512152e+00 6.046119879586377109e-08 
-1.010077236851128824e+00 5.973805923611905418e-08 
-1.010077235909401683e+00 5.900983758415952917e-08 
-1.010077234981395122e+00 5.827667201747923391e-08 
-1.010077234067171759e+00 5.753870070907201285e-08 
-1.010077233166790434e+00 5.679606180468234950e-08 
-1.010077232280308435e+00 5.604889340032829500e-08 
-1.010077231407780163e+00 5.529733352009671781e-08 
-1.010077230549257576e+00 5.454152009421073545e-08 
-1.010077229704789747e+00 5.378159093736903732e-08 
-1.010077228874424193e+00 5.301768372735656232e-08 
-1.010077228058204657e+00 5.224993598392659771e-08 
-1.010077227256173549e+00 5.147848504795344537e-08 
-1.010077226468370171e+00 5.070346806085519898e-08 
-1.010077225694831826e+00 4.992502194428616216e-08 
-1.010077224935592932e+00 4.914328338009817978e-08 
-1.010077224190685463e+00 4.835838879056990957e-08 
-1.010077223460139617e+00 4.757047431890368339e-08 
-1.010077222743982484e+00 4.677967580998864122e-08 
-1.010077222042239153e+00 4.598612879142948275e-08 
-1.010077221354932275e+00 4.518996845483986390e-08 
-1.010077220682082055e+00 4.439132963739935287e-08 
-1.010077220023706701e+00 4.359034680367273479e-08 
-1.010077219379821534e+00 4.278715402769096359e-08 
-1.010077218750439654e+00 4.198188497529208671e-08 
-1.010077218135572608e+00 4.117467288672124951e-08 
-1.010077217535228833e+00 4.036565055948850862e-08 
-1.010077216949414769e+00 3.955495033148319709e-08 
-1.010077216378134635e+00 3.874270406434314708e-08 
-1.010077215821390428e+00 3.792904312707808214e-08 
-1.010077215279181928e+00 3.711409837994514066e-08 
-1.010077214751506691e+00 3.629800015857545857e-08 
-1.010077214238360055e+00 3.548087825835031577e-08 
-1.010077213739734914e+00 3.466286191902538379e-08 
-1.010077213255622830e+00 3.384407980960126815e-08 
-1.010077212786012257e+00 3.302466001343941226e-08 
-1.010077212330890317e+00 3.220473001362116609e-08 
-1.010077211890241466e+00 3.138441667854883483e-08 
-1.010077211464048164e+00 3.056384624778705996e-08 
-1.010077211052291091e+00 2.974314431814276915e-08 
-1.010077210654948932e+00 2.892243582998226555e-08 
-1.010077210271997705e+00 2.810184505378362687e-08 
-1.010077209903411877e+00 2.728149557692273995e-08 
-1.010077209549164134e+00 2.646151029069163405e-08 
-1.010077209209224502e+00 2.564201137754687305e-08 
-1.010077208883561894e+00 2.482312029858674898e-08 
-1.010077208572142560e+00 2.400495778125548712e-08 
-1.010077208274930971e+00 2.318764380727249372e-08 
-1.010077207991890047e+00 2.237129760078511800e-08 
-1.010077207722980486e+00 2.155603761674339291e-08 
-1.010077207468161209e+00 2.074198152949444205e-08 
-1.010077207227389140e+00 1.992924622159542433e-08 
-1.010077207000619426e+00 1.911794777284290223e-08 
-1.010077206787805881e+00 1.830820144951702554e-08 
-1.010077206588899656e+00 1.750012169383849237e-08 
-1.010077206403850569e+00 1.669382211363709314e-08 
-1.010077206232607105e+00 1.588941547222953444e-08 
-1.010077206075115308e+00 1.508701367850500779e-08 
-1.010077205931319444e+00 1.428672777721695949e-08 
-1.010077205801162892e+00 1.348866793947860845e-08 
-1.010077205684586810e+00 1.269294345346140104e-08 
-1.010077205581530357e+00 1.189966271529393825e-08 
-1.010077205491931807e+00 1.110893322015986784e-08 
-1.010077205415726986e+00 1.032086155359321959e-08 
-1.010077205352850838e+00 9.535553382968773119e-09 
-1.010077205303236303e+00 8.753113449186614737e-09 
-1.010077205266814993e+00 7.973645558548485936e-09 
-1.010077205243516740e+00 7.197252574824449663e-09 
-1.010077205233269826e+00 6.424036411508066073e-09 
-1.010077205236001197e+00 5.654098024258833699e-09 
-1.010077205251636245e+00 4.887537403528948801e-09 
-1.010077205280099033e+00 4.124453567374367995e-09 
-1.010077205321311622e+00 3.364944554447223619e-09 
-1.010077205375195408e+00 2.609107417168412681e-09 
-1.010077205441670012e+00 1.857038215078568137e-09 
-1.010077205520653054e+00 1.108832008365995116e-09 
-1.010077205612062157e+00 3.645828515693051637e-10 
-1.010077205715812276e+00 -3.756162125460761044e-10 
-1.010077205831817704e+00 -1.111673158939773412e-09 
-1.010077205959991176e+00 -1.843496986078078558e-09 
-1.010077206100244096e+00 -2.570997721547049524e-09 
-1.010077206252486981e+00 -3.294086427498217637e-09 
-1.010077206416628570e+00 -4.012675205929691332e-09 
-1.010077206592576937e+00 -4.726677203802636538e-09 
-1.010077206780237935e+00 -5.436006617995901814e-09 
-1.010077206979517417e+00 -6.140578700099874516e-09 
-1.010077207190319459e+00 -6.840309761051220511e-09 
-1.010077207412546807e+00 -7.535117175609817255e-09 
-1.010077207646101316e+00 -8.224919386679981715e-09 
-1.010077207890883733e+00 -8.909635909476731785e-09 
-1.010077208146793692e+00 -9.589187335539164047e-09 
-1.010077208413729721e+00 -1.026349533659218534e-08 
-1.010077208691589012e+00 -1.093248266825817474e-08 
-1.010077208980268093e+00 -1.159607317361984236e-08 
-1.010077209279662380e+00 -1.225419178663605679e-08 
-1.010077209589666181e+00 -1.290676453541191014e-08 
-1.010077209910172691e+00 -1.355371854532425298e-08 
-1.010077210241074441e+00 -1.419498204200446306e-08 
-1.010077210582262852e+00 -1.483048435417963361e-08 
-1.010077210933628677e+00 -1.546015591637365562e-08 
-1.010077211295060895e+00 -1.608392827146938818e-08 
-1.010077211666448704e+00 -1.670173407313374533e-08 
-1.010077212047679973e+00 -1.731350708810641873e-08 
-1.010077212438641237e+00 -1.791918219835404461e-08 
-1.010077212839219030e+00 -1.851869540309098943e-08 
-1.010077213249298334e+00 -1.911198382066794882e-08 
-1.010077213668764129e+00 -1.969898569032994131e-08 
-1.010077214097499620e+00 -2.027964037384481187e-08 
-1.010077214535388013e+00 -2.085388835700337690e-08 
-1.010077214982311622e+00 -2.142167125099278559e-08 
-1.010077215438151654e+00 -2.198293179364413655e-08 
-1.010077215902789316e+00 -2.253761385055571305e-08 
-1.010077216376104703e+00 -2.308566241609281269e-08 
-1.010077216857976801e+00 -2.362702361426593535e-08 
-1.010077217348284595e+00 -2.416164469948781883e-08 
-1.010077217846906628e+00 -2.468947405721109587e-08 
-1.010077218353719886e+00 -2.521046120444745587e-08 
-1.010077218868601800e+00 -2.572455679016948590e-08 
-1.010077219391428249e+00 -2.623171259559655094e-08 
-1.010077219922075553e+00 -2.673188153436574235e-08 
-1.010077220460418701e+00 -2.722501765258883752e-08 
-1.010077221006332460e+00 -2.771107612879671333e-08 
-1.010077221559691374e+00 -2.819001327377212663e-08 
-1.010077222120368878e+00 -2.866178653027208926e-08 
-1.010077222688238407e+00 -2.912635447264065488e-08 
-1.010077223263172508e+00 -2.958367680631371571e-08 
-1.010077223845044170e+00 -3.003371436721627576e-08 
-1.010077224433725052e+00 -3.047642912105364301e-08 
-1.010077225029086812e+00 -3.091178416249751021e-08 
-1.010077225631000664e+00 -3.133974371426787369e-08 
-1.010077226239337600e+00 -3.176027312611186902e-08 
-1.010077226853967947e+00 -3.217333887368057881e-08 
-1.010077227474762029e+00 -3.257890855730482527e-08 
-1.010077228101589508e+00 -3.297695090067074817e-08 
-1.010077228734320265e+00 -3.336743574939643878e-08 
-1.010077229372823515e+00 -3.375033406951035101e-08 
-1.010077230016968475e+00 -3.412561794583268769e-08 
-1.010077230666623471e+00 -3.449326058026042350e-08 
-1.010077231321657498e+00 -3.485323628995730808e-08 
-1.010077231981938883e+00 -3.520552050544935875e-08 
-1.010077232647335954e+00 -3.555008976862704730e-08 
-1.010077233317716594e+00 -3.588692173065502782e-08 
-1.010077233992948464e+00 -3.621599514979025259e-08 
-1.010077234672899671e+00 -3.653728988910945550e-08 
-1.010077235357437431e+00 -3.685078691414691612e-08 
-1.010077236046429627e+00 -3.715646829044323898e-08 
-1.010077236739743256e+00 -3.745431718100612089e-08 
-1.010077237437245978e+00 -3.774431784368402597e-08 
-1.010077238138805011e+00 -3.802645562845352959e-08 
-1.010077238844287573e+00 -3.830071697462112515e-08 
-1.010077239553560879e+00 -3.856708940794058570e-08 
-1.010077240266491927e+00 -3.882556153764636336e-08 
-1.010077240982947933e+00 -3.907612305340415824e-08 
-1.010077241702796558e+00 -3.931876472217925233e-08 
-1.010077242425904576e+00 -3.955347838502349516e-08 
-1.010077243152139426e+00 -3.978025695378186103e-08 
-1.010077243881368547e+00 -3.999909440771914692e-08 
-1.010077244613459158e+00 -4.020998579006771764e-08 
-1.010077245348279362e+00 -4.041292720449709901e-08 
-1.010077246085696601e+00 -4.060791581150616671e-08 
-1.010077246825578312e+00 -4.079494982473855301e-08 
-1.010077247567792824e+00 -4.097402850722237629e-08 
-1.010077248312208020e+00 -4.114515216753457152e-08 
-1.010077249058692672e+00 -4.130832215589101257e-08 
-1.010077249807114441e+00 -4.146354086016287663e-08 
-1.010077250557342765e+00 -4.161081170182005778e-08 
-1.010077251309246416e+00 -4.175013913180233802e-08 
-1.010077252062694164e+00 -4.188152862631917585e-08 
-1.010077252817555671e+00 -4.200498668257854926e-08 
-1.010077253573700373e+00 -4.212052081444582586e-08 
-1.010077254330998597e+00 -4.222813954803316302e-08 
-1.010077255089320225e+00 -4.232785241722027859e-08 
-1.010077255848535582e+00 -4.241966995910712141e-08 
-1.010077256608516105e+00 -4.250360370939934829e-08 
-1.010077257369132564e+00 -4.257966619772695822e-08 
-1.010077258130256617e+00 -4.264787094289714916e-08 
-1.010077258891760144e+00 -4.270823244808167534e-08 
-1.010077259653515247e+00 -4.276076619593966465e-08 
-1.010077260415394917e+00 -4.280548864367633945e-08 
-1.010077261177271923e+00 -4.284241721803845473e-08 
-1.010077261939019699e+00 -4.287157031024698309e-08 
-1.010077262700512568e+00 -4.289296727086770816e-08 
-1.010077263461624186e+00 -4.290662840462038175e-08 
-1.010077264222229987e+00 -4.291257496512712619e-08 
-1.010077264982205181e+00 -4.291082914960055832e-08 
-1.010077265741425201e+00 -4.290141409347238969e-08 
-1.010077266499766591e+00 -4.288435386496309165e-08 
-1.010077267257105671e+00 -4.285967345959317482e-08 
-1.010077268013320095e+00 -4.282739879463673794e-08 
-1.010077268768287739e+00 -4.278755670351796113e-08 
-1.010077269521886700e+00 -4.274017493015093390e-08 
-1.010077270273996186e+00 -4.268528212322363865e-08 
-1.010077271024495404e+00 -4.262290783042658578e-08 
-1.010077271773264451e+00 -4.255308249262659021e-08 
-1.010077272520184311e+00 -4.247583743798648335e-08 
-1.010077273265135744e+00 -4.239120487603115765e-08 
-1.010077274008001069e+00 -4.229921789166058552e-08 
-1.010077274748662601e+00 -4.219991043911040159e-08 
-1.010077275487003545e+00 -4.209331733586058443e-08 
-1.010077276222907772e+00 -4.197947425649283315e-08 
-1.010077276956259595e+00 -4.185841772649714851e-08 
-1.010077277686944441e+00 -4.173018511602822072e-08 
-1.010077278414847957e+00 -4.159481463361221290e-08 
-1.010077279139856898e+00 -4.145234531980437685e-08 
-1.010077279861858246e+00 -4.130281704079812994e-08 
-1.010077280580740311e+00 -4.114627048198619516e-08 
-1.010077281296391405e+00 -4.098274714147416844e-08 
-1.010077282008701394e+00 -4.081228932354727407e-08 
-1.010077282717560365e+00 -4.063494013209062605e-08 
-1.010077283422858851e+00 -4.045074346396372971e-08 
-1.010077284124489383e+00 -4.025974400232958774e-08 
-1.010077284822344046e+00 -4.006198720993908549e-08 
-1.010077285516316259e+00 -3.985751932237097981e-08 
-1.010077286206300107e+00 -3.964638734122829225e-08 
-1.010077286892190562e+00 -3.942863902729135785e-08 
-1.010077287573883709e+00 -3.920432289362828421e-08 
-1.010077288251275629e+00 -3.897348819866303237e-08 
-1.010077288924264183e+00 -3.873618493920205920e-08 
-1.010077289592747896e+00 -3.849246384341956776e-08 
-1.010077290256625293e+00 -3.824237636380221918e-08 
-1.010077290915797121e+00 -3.798597467005368982e-08 
-1.010077291570163904e+00 -3.772331164195953705e-08 
-1.010077292219627498e+00 -3.745444086221292286e-08 
-1.010077292864091314e+00 -3.717941660920176431e-08 
-1.010077293503458096e+00 -3.689829384975759551e-08 
-1.010077294137633031e+00 -3.661112823186690206e-08 
-1.010077294766521305e+00 -3.631797607734523894e-08 
-1.010077295390029661e+00 -3.601889437447477385e-08 
-1.010077296008065506e+00 -3.571394077060544776e-08 
-1.010077296620536913e+00 -3.540317356472073879e-08 
-1.010077297227353510e+00 -3.508665169996795661e-08 
-1.010077297828425591e+00 -3.476443475615400696e-08 
-1.010077298423664116e+00 -3.443658294220685798e-08 
-1.010077299012981600e+00 -3.410315708860327741e-08 
-1.010077299596291445e+00 -3.376421863976329731e-08 
-1.010077300173507941e+00 -3.341982964641188930e-08 
-1.010077300744546047e+00 -3.307005275790840626e-08 
-1.010077301309322495e+00 -3.271495121454402202e-08 
-1.010077301867754018e+00 -3.235458883980798971e-08 
-1.010077302419759571e+00 -3.198903003262299659e-08 
-1.010077302965258550e+00 -3.161833975954998603e-08 
-1.010077303504171464e+00 -3.124258354696314800e-08 
-1.010077304036419266e+00 -3.086182747319550171e-08 
-1.010077304561925349e+00 -3.047613816065526875e-08 
-1.010077305080612886e+00 -3.008558276791394352e-08 
-1.010077305592406827e+00 -2.969022898176613355e-08 
-1.010077306097233008e+00 -2.929014500926192093e-08 
-1.010077306595018376e+00 -2.888539956971197643e-08 
-1.010077307085690990e+00 -2.847606188666615746e-08 
-1.010077307569179794e+00 -2.806220167986565943e-08 
-1.010077308045415290e+00 -2.764388915716962384e-08 
-1.010077308514328864e+00 -2.722119500645644775e-08 
-1.010077308975852795e+00 -2.679419038750006949e-08 
-1.010077309429920911e+00 -2.636294692382208415e-08 
-1.010077309876467933e+00 -2.592753669451994020e-08 
-1.010077310315429910e+00 -2.548803222607146898e-08 
-1.010077310746743784e+00 -2.504450648411664674e-08 
-1.010077311170347603e+00 -2.459703286521668869e-08 
-1.010077311586180970e+00 -2.414568518859107057e-08 
-1.010077311994184601e+00 -2.369053768783287469e-08 
-1.010077312394299875e+00 -2.323166500260311250e-08 
-1.010077312786469728e+00 -2.276914217030399360e-08 
-1.010077313170638202e+00 -2.230304461773221016e-08 
-1.010077313546750899e+00 -2.183344815271220689e-08 
-1.010077313914753860e+00 -2.136042895571023385e-08 
-1.010077314274595128e+00 -2.088406357142915586e-08 
-1.010077314626223188e+00 -2.040442890038518956e-08 
-1.010077314969588080e+00 -1.992160219046618119e-08 
-1.010077315304641399e+00 -1.943566102847258298e-08 
-1.010077315631335404e+00 -1.894668333164116471e-08 
-1.010077315949623689e+00 -1.845474733915202937e-08 
-1.010077316259461178e+00 -1.795993160361937647e-08 
-1.010077316560804572e+00 -1.746231498256643301e-08 
-1.010077316853610352e+00 -1.696197662988514790e-08 
-1.010077317137837660e+00 -1.645899598728068267e-08 
-1.010077317413446085e+00 -1.595345277570169133e-08 
-1.010077317680396991e+00 -1.544542698675651823e-08 
-1.010077317938652408e+00 -1.493499887411561186e-08 
-1.010077318188176143e+00 -1.442224894490098985e-08 
-1.010077318428932669e+00 -1.390725795106300854e-08 
-1.010077318660888457e+00 -1.339010688074461553e-08 
-1.010077318884010644e+00 -1.287087694963404824e-08 
-1.010077319098267701e+00 -1.234964959230601813e-08 
-1.010077319303629428e+00 -1.182650645355196116e-08 
-1.010077319500067183e+00 -1.130152937969975999e-08 
-1.010077319687553210e+00 -1.077480040992354165e-08 
-1.010077319866061307e+00 -1.024640176754357377e-08 
-1.010077320035565940e+00 -9.716415851317207532e-09 
-1.010077320196044015e+00 -9.184925226721100402e-09 
-1.010077320347472218e+00 -8.652012617224846139e-09 
-1.010077320489829900e+00 -8.117760895557014587e-09 
-1.010077320623096631e+00 -7.582253074963740228e-09 
-1.010077320747253982e+00 -7.045572300460075385e-09 
-1.010077320862284411e+00 -6.507801840075059333e-09 
-1.010077320968171932e+00 -5.969025076090536407e-09 
-1.010077321064901668e+00 -5.429325496274319501e-09 
-1.010077321152459850e+00 -4.888786685108079468e-09 
-1.010077321230834269e+00 -4.347492315010578318e-09 
-1.010077321300014264e+00 -3.805526137556239595e-09 
-1.010077321359989622e+00 -3.262971974690018369e-09 
-1.010077321410752349e+00 -2.719913709938936858e-09 
-1.010077321452295118e+00 -2.176435279619989140e-09 
-1.010077321484612378e+00 -1.632620664046023620e-09 
-1.010077321507699244e+00 -1.088553878729143122e-09 
-1.010077321521552607e+00 -5.443189655824221903e-10 
