-8.278210813386766009e-01 0.000000000000000000e+00 
-8.278220839926406782e-01 -4.482437688170473763e-04 
-8.278250917073514126e-01 -8.964151556218738015e-04 
-8.278301037413493546e-01 -1.344441791643791574e-03 
-8.278371188591563401e-01 -1.792251334590410630e-03 
-8.278461353317052573e-01 -2.239771481874876582e-03 
-8.278571509369426762e-01 -2.686929983828823757e-03 
-8.278701629606025625e-01 -3.133654656896307789e-03 
-8.278851681971510779e-01 -3.579873396803993219e-03 
-8.279021629509027980e-01 -4.025514191702898349e-03 
-8.279211430373060177e-01 -4.470505135277027045e-03 
-8.279421037843984754e-01 -4.914774439814245145e-03 
-8.279650400344309435e-01 -5.358250449234797964e-03 
-8.279899461456597942e-01 -5.800861652072903524e-03 
-8.280168159943056549e-01 -6.242536694406901690e-03 
-8.280456429766787085e-01 -6.683204392733488840e-03 
-8.280764200114693052e-01 -7.122793746781622311e-03 
-8.281091395422013335e-01 -7.561233952261725740e-03 
-8.281437935398495709e-01 -7.998454413545894037e-03 
-8.281803735056179061e-01 -8.434384756274872219e-03 
-8.282188704738773222e-01 -8.868954839887631739e-03 
-8.282592750152625305e-01 -9.302094770069433902e-03 
-8.283015772399265897e-01 -9.733734911114394830e-03 
-8.283457668009499564e-01 -1.016380589819857252e-02 
-8.283918328979037460e-01 -1.059223864955973447e-02 
-8.284397642805658712e-01 -1.101896437858004320e-02 
-8.284895492527862837e-01 -1.144391460576792835e-02 
-8.285411756765015401e-01 -1.186702117063562212e-02 
-8.285946309758966954e-01 -1.228821624346878444e-02 
-8.286499021417104149e-01 -1.270743233698486997e-02 
-8.287069757356831934e-01 -1.312460231787690272e-02 
-8.287658378951476834e-01 -1.353965941823948547e-02 
-8.288264743377549149e-01 -1.395253724687389729e-02 
-8.288888703663390700e-01 -1.436316980046936469e-02 
-8.289530108739148195e-01 -1.477149147465754535e-02 
-8.290188803488076630e-01 -1.517743707493751648e-02 
-8.290864628799125002e-01 -1.558094182746857896e-02 
-8.291557421620801005e-01 -1.598194138972832551e-02 
-8.292267015016279164e-01 -1.638037186103358939e-02 
-8.292993238219737995e-01 -1.677616979292187796e-02 
-8.293735916693881771e-01 -1.716927219939120078e-02 
-8.294494872188644674e-01 -1.755961656699612725e-02 
-8.295269922801045137e-01 -1.794714086479816395e-02 
-8.296060883036142641e-01 -1.833178355416859723e-02 
-8.296867563869115836e-01 -1.871348359844210441e-02 
-8.297689772808384268e-01 -1.909218047241950655e-02 
-8.298527313959789264e-01 -1.946781417171822640e-02 
-8.299379988091775129e-01 -1.984032522196907747e-02 
-8.300247592701577304e-01 -2.020965468785817371e-02 
-8.301129922082346457e-01 -2.057574418201280064e-02 
-8.302026767391228468e-01 -2.093853587373035660e-02 
-8.302937916718335920e-01 -2.129797249754939240e-02 
-8.303863155156596676e-01 -2.165399736166208344e-02 
-8.304802264872460649e-01 -2.200655435616746813e-02 
-8.305755025177419260e-01 -2.235558796116495286e-02 
-8.306721212600325366e-01 -2.270104325468771597e-02 
-8.307700600960473691e-01 -2.304286592047566709e-02 
-8.308692961441414004e-01 -2.338100225558795500e-02 
-8.309698062665484830e-01 -2.371539917785477070e-02 
-8.310715670769012187e-01 -2.404600423316873709e-02 
-8.311745549478171124e-01 -2.437276560261589231e-02 
-8.312787460185467880e-01 -2.469563210944664827e-02 
-8.313841162026810450e-01 -2.501455322588715460e-02 
-8.314906411959149812e-01 -2.532947907979143237e-02 
-8.315982964838662950e-01 -2.564036046113512407e-02 
-8.317070573499436570e-01 -2.594714882835129702e-02 
-8.318168988832633781e-01 -2.624979631450936532e-02 
-8.319277959866117067e-01 -2.654825573333791100e-02 
-8.320397233844494256e-01 -2.684248058509239310e-02 
-8.321526556309553069e-01 -2.713242506226901801e-02 
-8.322665671181075364e-01 -2.741804405516571133e-02 
-8.323814320837973346e-01 -2.769929315729174196e-02 
-8.324972246199759951e-01 -2.797612867062717126e-02 
-8.326139186808279025e-01 -2.824850761073370922e-02 
-8.327314880909700845e-01 -2.851638771171845915e-02 
-8.328499065536750789e-01 -2.877972743105216072e-02 
-8.329691476591126742e-01 -2.903848595424367296e-02 
-8.330891848926088583e-01 -2.929262319937244244e-02 
-8.332099916429198672e-01 -2.954209982148077104e-02 
-8.333315412105168907e-01 -2.978687721682783326e-02 
-8.334538068158802160e-01 -3.002691752700737890e-02 
-8.335767616077996989e-01 -3.026218364293116123e-02 
-8.337003786716772336e-01 -3.049263920868022087e-02 
-8.338246310378313320e-01 -3.071824862522609667e-02 
-8.339494916897982613e-01 -3.093897705402423939e-02 
-8.340749335726291847e-01 -3.115479042048182115e-02 
-8.342009296011790864e-01 -3.136565541730228918e-02 
-8.343274526683857051e-01 -3.157153950770893308e-02 
-8.344544756535345886e-01 -3.177241092854991150e-02 
-8.345819714305097170e-01 -3.196823869328713208e-02 
-8.347099128760238074e-01 -3.215899259487139256e-02 
-8.348382728778287465e-01 -3.234464320850630875e-02 
-8.349670243429014871e-01 -3.252516189430355170e-02 
-8.350961402056030769e-01 -3.270052079983181564e-02 
-8.352255934358080447e-01 -3.287069286256221606e-02 
-8.353553570470025891e-01 -3.303565181221254643e-02 
-8.354854041043469071e-01 -3.319537217299309284e-02 
-8.356157077326997751e-01 -3.334982926575641438e-02 
-8.357462411246036060e-01 -3.349899921005394104e-02 
-8.358769775482255415e-01 -3.364285892610172773e-02 
-8.360078903552533580e-01 -3.378138613665811890e-02 
-8.361389529887416350e-01 -3.391455936881585670e-02 
-8.362701389909080740e-01 -3.404235795571123463e-02 
-8.364014220108738629e-01 -3.416476203815284329e-02 
-8.365327758123489721e-01 -3.428175256617246175e-02 
-8.366641742812551685e-01 -3.439331130050071739e-02 
-8.367955914332895206e-01 -3.449942081396985966e-02 
-8.369270014214197362e-01 -3.460006449284630525e-02 
-8.370583785433124424e-01 -3.469522653809531398e-02 
-8.371896972486908561e-01 -3.478489196658030025e-02 
-8.373209321466172916e-01 -3.486904661219901447e-02 
-8.374520580126996183e-01 -3.494767712695918266e-02 
-8.375830497962181154e-01 -3.502077098199565114e-02 
-8.377138826271683936e-01 -3.508831646853153435e-02 
-8.378445318232204952e-01 -3.515030269878533647e-02 
-8.379749728965883993e-01 -3.520671960682641294e-02 
-8.381051815608079325e-01 -3.525755794938070092e-02 
-8.382351337374209788e-01 -3.530280930658881433e-02 
-8.383648055625612106e-01 -3.534246608271849471e-02 
-8.384941733934402341e-01 -3.537652150683322921e-02 
-8.386232138147297066e-01 -3.540496963341892289e-02 
-8.387519036448373155e-01 -3.542780534297032546e-02 
-8.388802199420724026e-01 -3.544502434253889167e-02 
-8.390081400106998988e-01 -3.545662316624360877e-02 
-8.391356414068773528e-01 -3.546259917574633158e-02 
-8.392627019444740544e-01 -3.546295056069301288e-02 
-8.393892997007673662e-01 -3.545767633912202954e-02 
-8.395154130220143784e-01 -3.544677635784092284e-02 
-8.396410205288949991e-01 -3.543025129277255908e-02 
-8.397661011218243710e-01 -3.540810264927175821e-02 
-8.398906339861286208e-01 -3.538033276241320940e-02 
-8.400145985970851603e-01 -3.534694479725143668e-02 
-8.401379747248211016e-01 -3.530794274905350166e-02 
-8.402607424390665658e-01 -3.526333144350490140e-02 
-8.403828821137627747e-01 -3.521311653688913995e-02 
-8.405043744315171539e-01 -3.515730451624111963e-02 
-8.406252003879070012e-01 -3.509590269947458763e-02 
-8.407453412956245042e-01 -3.502891923548363817e-02 
-8.408647787884632185e-01 -3.495636310421803422e-02 
-8.409834948251405651e-01 -3.487824411673220992e-02 
-8.411014716929537949e-01 -3.479457291520740569e-02 
-8.412186920112678656e-01 -3.470536097294646405e-02 
-8.413351387348291244e-01 -3.461062059434049515e-02 
-8.414507951569052402e-01 -3.451036491480665575e-02 
-8.415656449122450589e-01 -3.440460790069584801e-02 
-8.416796719798583792e-01 -3.429336434916935988e-02 
-8.417928606856095453e-01 -3.417664988804292037e-02 
-8.419051957046259638e-01 -3.405448097559683751e-02 
-8.420166620635141097e-01 -3.392687490035049130e-02 
-8.421272451423843508e-01 -3.379384978079928020e-02 
-8.422369306766790409e-01 -3.365542456511224495e-02 
-8.423457047588027713e-01 -3.351161903078800353e-02 
-8.424535538395514500e-01 -3.336245378426679065e-02 
-8.425604647293382099e-01 -3.320795026049613158e-02 
-8.426664245992131486e-01 -3.304813072244743022e-02 
-8.427714209816755675e-01 -3.288301826058071670e-02 
-8.428754417712748248e-01 -3.271263679225455689e-02 
-8.429784752249996904e-01 -3.253701106107791813e-02 
-8.430805099624533172e-01 -3.235616663620076439e-02 
-8.431815349658108305e-01 -3.217012991153982843e-02 
-8.432815395795594249e-01 -3.197892810493596638e-02 
-8.433805135100197470e-01 -3.178258925723926459e-02 
-8.434784468246447897e-01 -3.158114223131789494e-02 
-8.435753299510961867e-01 -3.137461671098672189e-02 
-8.436711536760996832e-01 -3.116304319985128274e-02 
-8.437659091440713466e-01 -3.094645302006274884e-02 
-8.438595878555235075e-01 -3.072487831097929500e-02 
-8.439521816652411079e-01 -3.049835202772923498e-02 
-8.440436827802331177e-01 -3.026690793967102763e-02 
-8.441340837574574651e-01 -3.003058062874513004e-02 
-8.442233775013189279e-01 -2.978940548771276745e-02 
-8.443115572609405373e-01 -2.954341871827620772e-02 
-8.443986166272098304e-01 -2.929265732907535696e-02 
-8.444845495295987270e-01 -2.903715913355523967e-02 
-8.445693502327595859e-01 -2.877696274769871859e-02 
-8.446530133328982171e-01 -2.851210758761899694e-02 
-8.447355337539240727e-01 -2.824263386700603604e-02 
-8.448169067433815016e-01 -2.796858259442139630e-02 
-8.448971278681620678e-01 -2.768999557043532594e-02 
-8.449761930100002649e-01 -2.740691538460047344e-02 
-8.450540983607568446e-01 -2.711938541225627011e-02 
-8.451308404174906475e-01 -2.682744981115795652e-02 
-8.452064159773222674e-01 -2.653115351792435447e-02 
-8.452808221320950999e-01 -2.623054224429842082e-02 
-8.453540562628325539e-01 -2.592566247321460501e-02 
-8.454261160340023062e-01 -2.561656145466704310e-02 
-8.454969993875848244e-01 -2.530328720137281495e-02 
-8.455667045369557044e-01 -2.498588848422421405e-02 
-8.456352299605849332e-01 -2.466441482752439532e-02 
-8.457025743955576269e-01 -2.433891650400062112e-02 
-8.457687368309227960e-01 -2.400944452958954367e-02 
-8.458337165008767977e-01 -2.367605065798875433e-02 
-8.458975128777840302e-01 -2.333878737496972167e-02 
-8.459601256650467471e-01 -2.299770789244619251e-02 
-8.460215547898258803e-01 -2.265286614229357690e-02 
-8.460818003956223077e-01 -2.230431676991386641e-02 
-8.461408628347265592e-01 -2.195211512754171798e-02 
-8.461987426605426243e-01 -2.159631726728691858e-02 
-8.462554406197954071e-01 -2.123697993390898445e-02 
-8.463109576446294913e-01 -2.087416055731981801e-02 
-8.463652948446088731e-01 -2.050791724481041203e-02 
-8.464184534986237685e-01 -2.013830877299825975e-02 
-8.464704350467168181e-01 -1.976539457949199469e-02 
-8.465212410818370170e-01 -1.938923475427020357e-02 
-8.465708733415288068e-01 -1.900989003077190390e-02 
-8.466193336995703200e-01 -1.862742177669612920e-02 
-8.466666241575661056e-01 -1.824189198450866523e-02 
-8.467127468365089893e-01 -1.785336326165430990e-02 
-8.467577039683183981e-01 -1.746189882047312000e-02 
-8.468014978873674714e-01 -1.706756246782000636e-02 
-8.468441310220089502e-01 -1.667041859438700771e-02 
-8.468856058861112812e-01 -1.627053216372783412e-02 
-8.469259250706149267e-01 -1.586796870098563378e-02 
-8.469650912351224248e-01 -1.546279428132380819e-02 
-8.470031070995307498e-01 -1.505507551806173350e-02 
-8.470399754357186284e-01 -1.464487955051662314e-02 
-8.470756990593002467e-01 -1.423227403155347473e-02 
-8.471102808214565627e-01 -1.381732711484585582e-02 
-8.471437236008556582e-01 -1.340010744185022966e-02 
-8.471760302956727884e-01 -1.298068412849727980e-02 
-8.472072038157233420e-01 -1.255912675160420454e-02 
-8.472372470747171480e-01 -1.213550533501203850e-02 
-8.472661629826493401e-01 -1.170989033545311378e-02 
-8.472939544383331079e-01 -1.128235262815381786e-02 
-8.473206243220920975e-01 -1.085296349217806586e-02 
-8.473461754886172370e-01 -1.042179459551840180e-02 
-8.473706107600030846e-01 -9.988917979940484596e-03 
-8.473939329189700276e-01 -9.554406045588770269e-03 
-8.474161447022865445e-01 -9.118331535360643322e-03 
-8.474372487943987453e-01 -8.680767519056860684e-03 
-8.474572478212769600e-01 -8.241787377317014857e-03 
-8.474761443444905895e-01 -7.801464785348597927e-03 
-8.474939408555185461e-01 -7.359873696458968904e-03 
-8.475106397703033867e-01 -6.917088325399936219e-03 
-8.475262434240600218e-01 -6.473183131534658574e-03 
-8.475407540663446593e-01 -6.028232801837567385e-03 
-8.475541738563924232e-01 -5.582312233737848385e-03 
-8.475665048587296413e-01 -5.135496517817205592e-03 
-8.475777490390702384e-01 -4.687860920373947485e-03 
-8.475879082604987902e-01 -4.239480865864087358e-03 
-8.475969842799490062e-01 -3.790431919232058015e-03 
-8.476049787449811967e-01 -3.340789768142837356e-03 
-8.476118931908637188e-01 -2.890630205127652647e-03 
-8.476177290379637297e-01 -2.440029109656260010e-03 
-8.476224875894498023e-01 -1.989062430147816880e-03 
-8.476261700293087342e-01 -1.537806165933925523e-03 
-8.476287774206836545e-01 -1.086336349186244618e-03 
-8.476303107045282115e-01 -6.347290268218109405e-04 
-8.476307706985862778e-01 -1.830602423995429011e-04 
-8.476301580966920657e-01 2.685939819794332822e-04 
-8.476284734683947608e-01 7.201576637541037872e-04 
-8.476257172589061195e-01 1.171554877955277270e-03 
-8.476218897893701421e-01 1.622709775214085156e-03 
-8.476169912574552656e-01 2.073546599713602459e-03 
-8.476110217382650802e-01 2.523989707070877896e-03 
-8.476039811855673456e-01 2.973963582136686986e-03 
-8.475958694333366461e-01 3.423392856699796535e-03 
-8.475866861976099065e-01 3.872202327083852560e-03 
-8.475764310786471079e-01 4.320316971623786029e-03 
-8.475651035633970931e-01 4.767661968010136753e-03 
-8.475527030282608010e-01 5.214162710489284210e-03 
-8.475392287421462667e-01 5.659744826907589683e-03 
-8.475246798698133910e-01 6.104334195588594254e-03 
-8.475090554754960426e-01 6.547856962031738462e-03 
-8.474923545268014946e-01 6.990239555422137624e-03 
-8.474745758988745381e-01 7.431408704940892576e-03 
-8.474557183788222758e-01 7.871291455865932554e-03 
-8.474357806703907148e-01 8.309815185453589895e-03 
-8.474147613988832761e-01 8.746907618591939770e-03 
-8.473926591163162270e-01 9.182496843216489749e-03 
-8.473694723067977108e-01 9.616511325480464958e-03 
-8.473451993921257142e-01 1.004887992467088167e-02 
-8.473198387375914242e-01 1.047953190786340624e-02 
-8.472933886579810947e-01 1.090839696430872044e-02 
-8.472658474237653170e-01 1.133540521954342142e-02 
-8.472372132674654832e-01 1.176048724921969178e-02 
-8.472074843901875596e-01 1.218357409264758141e-02 
-8.471766589683122906e-01 1.260459726604488441e-02 
-8.471447351603317300e-01 1.302348877548971905e-02 
-8.471117111138206646e-01 1.344018112957140638e-02 
-8.470775849725330486e-01 1.385460735173606878e-02 
-8.470423548836110150e-01 1.426670099232324809e-02 
-8.470060190048976922e-01 1.467639614029079068e-02 
-8.469685755123412818e-01 1.508362743462584449e-02 
-8.469300226074800708e-01 1.548833007543943922e-02 
-8.468903585249966115e-01 1.589043983474367275e-02 
-8.468495815403328519e-01 1.628989306691037281e-02 
-8.468076899773511190e-01 1.668662671881032677e-02 
-8.467646822160351805e-01 1.708057833963345234e-02 
-8.467205567002157318e-01 1.747168609038969936e-02 
-8.466753119453149790e-01 1.785988875309172177e-02 
-8.466289465460951069e-01 1.824512573962031731e-02 
-8.465814591844046388e-01 1.862733710027407452e-02 
-8.465328486369094740e-01 1.900646353200534724e-02 
-8.464831137828008334e-01 1.938244638634457201e-02 
-8.464322536114694540e-01 1.975522767701566249e-02 
-8.463802672301374841e-01 2.012475008724557562e-02 
-8.463271538714376430e-01 2.049095697677120673e-02 
-8.462729129009318729e-01 2.085379238854710368e-02 
-8.462175438245611581e-01 2.121320105515841700e-02 
-8.461610462960150736e-01 2.156912840494261061e-02 
-8.461034201240186237e-01 2.192152056782506117e-02 
-8.460446652795214906e-01 2.227032438087277189e-02 
-8.459847819027878080e-01 2.261548739357144983e-02 
-8.459237703103767991e-01 2.295695787283103320e-02 
-8.458616310020063978e-01 2.329468480772501834e-02 
-8.457983646672954103e-01 2.362861791396935265e-02 
-8.457339721923752274e-01 2.395870763814637178e-02 
-8.456684546663679747e-01 2.428490516167985253e-02 
-8.456018133877217791e-01 2.460716240456726697e-02 
-8.455340498704008168e-01 2.492543202887534046e-02 
-8.454651658499227063e-01 2.523966744200505444e-02 
-8.453951632892401369e-01 2.554982279973285961e-02 
-8.453240443844596275e-01 2.585585300903410835e-02 
-8.452518115703965274e-01 2.615771373069561423e-02 
-8.451784675259592650e-01 2.645536138172362162e-02 
-8.451040151793601796e-01 2.674875313755391976e-02 
-8.450284577131506047e-01 2.703784693407094292e-02 
-8.449517985690746524e-01 2.732260146944195944e-02 
-8.448740414527418086e-01 2.760297620577368410e-02 
-8.447951903381126781e-01 2.787893137059741303e-02 
-8.447152494717988791e-01 2.815042795818952642e-02 
-8.446342233771715335e-01 2.841742773073398926e-02 
-8.445521168582795779e-01 2.867989321933317806e-02 
-8.444689350035746722e-01 2.893778772487367104e-02 
-8.443846831894422644e-01 2.919107531875339209e-02 
-8.442993670835363673e-01 2.943972084347632606e-02 
-8.442129926479203794e-01 2.968368991312122021e-02 
-8.441255661420090650e-01 2.992294891369029833e-02 
-8.440370941253148018e-01 3.015746500334403474e-02 
-8.439475834599965420e-01 3.038720611252816034e-02 
-8.438570413132115977e-01 3.061214094399829916e-02 
-8.437654751592706948e-01 3.083223897274845610e-02 
-8.436728927815965173e-01 3.104747044584856702e-02 
-8.435793022744865199e-01 3.125780638219668311e-02 
-8.434847120446804514e-01 3.146321857219124690e-02 
-8.433891308127348108e-01 3.166367957732831723e-02 
-8.432925676142027926e-01 3.185916272972921792e-02 
-8.431950318006241618e-01 3.204964213160302333e-02 
-8.430965330403225044e-01 3.223509265464891832e-02 
-8.429970813190166279e-01 3.241548993940302631e-02 
-8.428966869402416684e-01 3.259081039453388257e-02 
-8.427953605255867897e-01 3.276103119609100750e-02 
-8.426931130147484739e-01 3.292613028671074332e-02 
-8.425899556654014022e-01 3.308608637478294839e-02 
-8.424859000528911457e-01 3.324087893358280976e-02 
-8.423809580697481092e-01 3.339048820037093801e-02 
-8.422751419250260607e-01 3.353489517546544979e-02 
-8.421684641434686869e-01 3.367408162128928545e-02 
-8.420609375645039529e-01 3.380803006139575240e-02 
-8.419525753410714852e-01 3.393672377947539592e-02 
-8.418433909382826430e-01 3.406014681834684810e-02 
-8.417333981319182756e-01 3.417828397893439563e-02 
-8.416226110067652755e-01 3.429112081923463978e-02 
-8.415110439547944798e-01 3.439864365327461454e-02 
-8.413987116731835858e-01 3.450083955006340297e-02 
-8.412856291621865212e-01 3.459769633253934051e-02 
-8.411718117228522695e-01 3.468920257651456757e-02 
-8.410572749545970339e-01 3.477534760961860372e-02 
-8.409420347526299633e-01 3.485612151024248401e-02 
-8.408261073052375467e-01 3.493151510648477565e-02 
-8.407095090909285640e-01 3.500151997510075191e-02 
-8.405922568754412572e-01 3.506612844045575716e-02 
-8.404743677086169429e-01 3.512533357348368579e-02 
-8.403558589211426177e-01 3.517912919065139393e-02 
-8.402367481211635569e-01 3.522750985292962683e-02 
-8.401170531907713457e-01 3.527047086477107934e-02 
-8.399967922823672328e-01 3.530800827309583945e-02 
-8.398759838149059131e-01 3.534011886628459637e-02 
-8.397546464700198499e-01 3.536680017317963415e-02 
-8.396327991880296882e-01 3.538805046209363842e-02 
-8.395104611638413150e-01 3.540386873982621224e-02 
-8.393876518427314526e-01 3.541425475068788603e-02 
-8.392643909160283355e-01 3.541920897553114261e-02 
-8.391406983166835865e-01 3.541873263078812450e-02 
-8.390165942147455036e-01 3.541282766751439881e-02 
-8.388920990127288757e-01 3.540149677043807896e-02 
-8.387672333408887626e-01 3.538474335701348450e-02 
-8.386420180523992407e-01 3.536257157647856864e-02 
-8.385164742184382236e-01 3.533498630891496878e-02 
-8.383906231231829098e-01 3.530199316430976397e-02 
-8.382644862587167456e-01 3.526359848161762095e-02 
-8.381380853198499015e-01 3.521980932782221851e-02 
-8.380114421988581475e-01 3.517063349699544456e-02 
-8.378845789801377952e-01 3.511607950935310973e-02 
-8.377575179347842571e-01 3.505615661030557495e-02 
-8.376302815150923342e-01 3.499087476950171055e-02 
-8.375028923489820087e-01 3.492024467986463987e-02 
-8.373753732343522937e-01 3.484427775661737281e-02 
-8.372477471333642507e-01 3.476298613629675432e-02 
-8.371200371666558393e-01 3.467638267575370165e-02 
-8.369922666074903761e-01 3.458448095113794696e-02 
-8.368644588758419323e-01 3.448729525686525244e-02 
-8.367366375324170047e-01 3.438484060456499514e-02 
-8.366088262726167901e-01 3.427713272200637318e-02 
-8.364810489204417276e-01 3.416418805200062414e-02 
-8.363533294223388648e-01 3.404602375127752795e-02 
-8.362256918409959328e-01 3.392265768933376557e-02 
-8.360981603490822422e-01 3.379410844725084379e-02 
-8.359707592229391748e-01 3.366039531648048339e-02 
-8.358435128362229349e-01 3.352153829759499382e-02 
-8.357164456534991182e-01 3.337755809900030263e-02 
-8.355895822237942028e-01 3.322847613560938468e-02 
-8.354629471741018554e-01 3.307431452747343348e-02 
-8.353365652028494903e-01 3.291509609836860972e-02 
-8.352104610733255274e-01 3.275084437433575107e-02 
-8.350846596070674588e-01 3.258158358217054518e-02 
-8.349591856772160536e-01 3.240733864786198015e-02 
-8.348340642018335922e-01 3.222813519497599866e-02 
-8.347093201371919013e-01 3.204399954298248199e-02 
-8.345849784710278607e-01 3.185495870552262215e-02 
-8.344610642157717084e-01 3.166104038861434350e-02 
-8.343376024017471471e-01 3.146227298879315099e-02 
-8.342146180703478020e-01 3.125868559118605977e-02 
-8.340921362671885886e-01 3.105030796751580627e-02 
-8.339701820352372064e-01 3.083717057403314102e-02 
-8.338487804079237620e-01 3.061930454937449725e-02 
-8.337279564022341827e-01 3.039674171234256830e-02 
-8.336077350117863105e-01 3.016951455960749026e-02 
-8.334881411998920075e-01 2.993765626332586111e-02 
-8.333691998926059386e-01 2.970120066867539682e-02 
-8.332509359717639175e-01 2.946018229130287214e-02 
-8.331333742680128163e-01 2.921463631468262934e-02 
-8.330165395538314810e-01 2.896459858738369142e-02 
-8.329004565365480950e-01 2.871010562024270754e-02 
-8.327851498513526574e-01 2.845119458344087804e-02 
-8.326706440543090171e-01 2.818790330348227430e-02 
-8.325569636153654640e-01 2.792027026007143017e-02 
-8.324441329113690946e-01 2.764833458288812676e-02 
-8.323321762190827311e-01 2.737213604825688984e-02 
-8.322211177082088351e-01 2.709171507570954165e-02 
-8.321109814344205269e-01 2.680711272443842344e-02 
-8.320017913324020409e-01 2.651837068963841179e-02 
-8.318935712089028378e-01 2.622553129873577901e-02 
-8.317863447358024853e-01 2.592863750750195456e-02 
-8.316801354431935245e-01 2.562773289605040083e-02 
-8.315749667124818778e-01 2.532286166471476793e-02 
-8.314708617695052428e-01 2.501406862980668291e-02 
-8.313678436776755776e-01 2.470139921925141452e-02 
-8.312659353311433463e-01 2.438489946810002210e-02 
-8.311651594479897431e-01 2.406461601391609098e-02 
-8.310655385634455605e-01 2.374059609203608631e-02 
-8.309670950231400344e-01 2.341288753070160100e-02 
-8.308698509763833284e-01 2.308153874606228007e-02 
-8.307738283694819925e-01 2.274659873704840476e-02 
-8.306790489390922794e-01 2.240811708011149553e-02 
-8.305855342056107649e-01 2.206614392383238199e-02 
-8.304933054666074899e-01 2.172072998339565769e-02 
-8.304023837903014016e-01 2.137192653492924269e-02 
-8.303127900090806479e-01 2.101978540970882506e-02 
-8.302245447130713885e-01 2.066435898822578665e-02 
-8.301376682437567878e-01 2.030570019411867891e-02 
-8.300521806876464126e-01 1.994386248796717331e-02 
-8.299681018700013624e-01 1.957889986094823662e-02 
-8.298854513486156881e-01 1.921086682835430534e-02 
-8.298042484076568748e-01 1.883981842297272405e-02 
-8.297245120515663874e-01 1.846581018832696083e-02 
-8.296462609990254977e-01 1.808889817177889575e-02 
-8.295695136769849487e-01 1.770913891749258465e-02 
-8.294942882147636753e-01 1.732658945925951224e-02 
-8.294206024382181353e-01 1.694130731318547328e-02 
-8.293484738639834708e-01 1.655335047023958131e-02 
-8.292779196937893893e-01 1.616277738866565492e-02 
-8.292089568088543139e-01 1.576964698625663019e-02 
-8.291416017643575831e-01 1.537401863249266733e-02 
-8.290758707839948061e-01 1.497595214054323574e-02 
-8.290117797546161515e-01 1.457550775913481027e-02 
-8.289493442209510121e-01 1.417274616428445232e-02 
-8.288885793804212643e-01 1.376772845090050434e-02 
-8.288295000780458999e-01 1.336051612425153377e-02 
-8.287721208014370289e-01 1.295117109130505990e-02 
-8.287164556758926937e-01 1.253975565193667270e-02 
-8.286625184595860505e-01 1.212633249001188185e-02 
-8.286103225388535831e-01 1.171096466434144029e-02 
-8.285598809235863449e-01 1.129371559951251359e-02 
-8.285112062427232305e-01 1.087464907659687133e-02 
-8.284643107398512729e-01 1.045382922373798602e-02 
-8.284192062689132996e-01 1.003132050661942679e-02 
-8.283759042900256109e-01 9.607187718816110472e-03 
-8.283344158654067924e-01 9.181495972030712452e-03 
-8.282947516554216572e-01 8.754310686217601362e-03 
-8.282569219147404294e-01 8.325697579596122791e-03 
-8.282209364886146119e-01 7.895722658556305826e-03 
-8.281868048092740908e-01 7.464452207458950952e-03 
-8.281545358924439215e-01 7.031952778332874014e-03 
-8.281241383339857931e-01 6.598291180472130348e-03 
-8.280956203066628385e-01 6.163534469935265207e-03 
-8.280689895570321202e-01 5.727749938950602894e-03 
-8.280442534024645695e-01 5.291005105229259868e-03 
-8.280214187282951555e-01 4.853367701189549924e-03 
-8.280004919851038370e-01 4.414905663095778157e-03 
-8.279814791861299650e-01 3.975687120114057040e-03 
-8.279643859048200216e-01 3.535780383289019967e-03 
-8.279492172725122501e-01 3.095253934444149296e-03 
-8.279359779762568428e-01 2.654176415009190920e-03 
-8.279246722567747963e-01 2.212616614778211560e-03 
-8.279153039065573205e-01 1.770643460601164978e-03 
-8.279078762681036929e-01 1.328326005013161226e-03 
-8.279023922323026641e-01 8.857334148044535742e-04 
-8.278988542369560832e-01 4.429349595347080622e-04 