-1.129103186814604198e+00 0.000000000000000000e+00 
-1.129103948713271022e+00 -9.239079856359455438e-04 
-1.129106235305885164e+00 -1.847618301933046580e-03 
-1.129110049280172001e+00 -2.770933387414054559e-03 
-1.129115395108617470e+00 -3.693655896103929456e-03 
-1.129122279037914733e+00 -4.615588804729445736e-03 
-1.129130709074234629e+00 -5.536535519259800503e-03 
-1.129140694964378522e+00 -6.456299980573140460e-03 
-1.129152248172874184e+00 -7.374686769037810084e-03 
-1.129165381855094852e+00 -8.291501207802027054e-03 
-1.129180110826489614e+00 -9.206549464591269605e-03 
-1.129196451528035272e+00 -1.011963865181932272e-02 
-1.129214421988020911e+00 -1.103057692482620547e-02 
-1.129234041780291964e+00 -1.193917357806432121e-02 
-1.129255331979097221e+00 -1.284523913906291705e-02 
-1.129278315110683328e+00 -1.374858546001041064e-02 
-1.129303015101791763e+00 -1.464902580680400856e-02 
-1.129329457225231259e+00 -1.554637494542655124e-02 
-1.129357668042688667e+00 -1.644044922552143420e-02 
-1.129387675344968089e+00 -1.733106666104759427e-02 
-1.129419508089834157e+00 -1.821804700790813011e-02 
-1.129453196337654841e+00 -1.910121183845784471e-02 
-1.129488771185035878e+00 -1.998038461280683686e-02 
-1.129526264696641524e+00 -2.085539074684914299e-02 
-1.129565709835401055e+00 -2.172605767695752824e-02 
-1.129607140391299946e+00 -2.259221492129704842e-02 
-1.129650590908955143e+00 -2.345369413772215028e-02 
-1.129696096614170697e+00 -2.431032917823316292e-02 
-1.129743693339675392e+00 -2.516195613997965902e-02 
-1.129793417450231097e+00 -2.600841341280887495e-02 
-1.129845305767306796e+00 -2.684954172336815464e-02 
-1.129899395493505487e+00 -2.768518417578043692e-02 
-1.129955724136928463e+00 -2.851518628892177679e-02 
-1.130014329435649278e+00 -2.933939603033897114e-02 
-1.130075249282478822e+00 -3.015766384685428583e-02 
-1.130138521650180694e+00 -3.096984269191244143e-02 
-1.130204184517299648e+00 -3.177578804973287679e-02 
-1.130272275794757419e+00 -3.257535795633722392e-02 
-1.130342833253358492e+00 -3.336841301752861005e-02 
-1.130415894452346137e+00 -3.415481642390544303e-02 
-1.130491496669139284e+00 -3.493443396299746734e-02 
-1.130569676830371684e+00 -3.570713402861694363e-02 
-1.130650471444346161e+00 -3.647278762752176329e-02 
-1.130733916535013428e+00 -3.723126838349109791e-02 
-1.130820047577572485e+00 -3.798245253891712608e-02 
-1.130908899435777437e+00 -3.872621895401893999e-02 
-1.131000506301040875e+00 -3.946244910378674670e-02 
-1.131094901633396876e+00 -4.019102707276572123e-02 
-1.131192118104398459e+00 -4.091183954779010340e-02 
-1.131292187542000116e+00 -4.162477580877847749e-02 
-1.131395140877478278e+00 -4.232972771770117382e-02 
-1.131501008094430105e+00 -4.302658970583039810e-02 
-1.131609818179888816e+00 -4.371525875938294531e-02 
-1.131721599077579521e+00 -4.439563440366425112e-02 
-1.131836377643338665e+00 -4.506761868582084135e-02 
-1.131954179602713273e+00 -4.573111615630675447e-02 
-1.132075029510745345e+00 -4.638603384916712563e-02 
-1.132198950713947827e+00 -4.703228126124011504e-02 
-1.132325965314465943e+00 -4.766977033037544942e-02 
-1.132456094136417457e+00 -4.829841541276541639e-02 
-1.132589356694400751e+00 -4.891813325948086294e-02 
-1.132725771164148520e+00 -4.952884299230206344e-02 
-1.132865354355310217e+00 -5.013046607893070078e-02 
-1.133008121686333913e+00 -5.072292630766606081e-02 
-1.133154087161420076e+00 -5.130614976162527902e-02 
-1.133303263349513257e+00 -5.188006479258362030e-02 
-1.133455661365296852e+00 -5.244460199450760168e-02 
-1.133611290852152065e+00 -5.299969417685011092e-02 
-1.133770159967039781e+00 -5.354527633767296180e-02 
-1.133932275367261822e+00 -5.408128563665905858e-02 
-1.134097642199056954e+00 -5.460766136807261584e-02 
-1.134266264087985920e+00 -5.512434493372243838e-02 
-1.134438143131053955e+00 -5.563127981597985189e-02 
-1.134613279890526405e+00 -5.612841155089937778e-02 
-1.134791673389380806e+00 -5.661568770148719260e-02 
-1.134973321108350586e+00 -5.709305783115873473e-02 
-1.135158218984503531e+00 -5.756047347742416359e-02 
-1.135346361411307070e+00 -5.801788812583680288e-02 
-1.135537741240124188e+00 -5.846525718423711826e-02 
-1.135732349783091788e+00 -5.890253795732170589e-02 
-1.135930176817323778e+00 -5.932968962156404819e-02 
-1.136131210590394236e+00 -5.974667320051095520e-02 
-1.136335437827040939e+00 -6.015345154047647275e-02 
-1.136542843737045505e+00 -6.054998928665203395e-02 
-1.136753412024233301e+00 -6.093625285964971577e-02 
-1.136967124896548720e+00 -6.131221043249310970e-02 
-1.137183963077151416e+00 -6.167783190806799820e-02 
-1.137403905816491090e+00 -6.203308889704335638e-02 
-1.137626930905307310e+00 -6.237795469627104711e-02 
-1.137853014688513964e+00 -6.271240426767088483e-02 
-1.138082132079917708e+00 -6.303641421760601549e-02 
-1.138314256577730887e+00 -6.334996277675192244e-02 
-1.138549360280831646e+00 -6.365302978046119553e-02 
-1.138787413905733903e+00 -6.394559664962427836e-02 
-1.139028386804220139e+00 -6.422764637202549309e-02 
-1.139272246981605008e+00 -6.449916348419247603e-02 
-1.139518961115584039e+00 -6.476013405373584608e-02 
-1.139768494575636559e+00 -6.501054566217485953e-02 
-1.140020811442941762e+00 -6.525038738824424922e-02 
-1.140275874530776834e+00 -6.547964979167598953e-02 
-1.140533645405362506e+00 -6.569832489744963089e-02 
-1.140794084407122266e+00 -6.590640618050336297e-02 
-1.141057150672326603e+00 -6.610388855089813220e-02 
-1.141322802155090521e+00 -6.629076833942572355e-02 
-1.141590995649698348e+00 -6.646704328365206360e-02 
-1.141861686813223198e+00 -6.663271251438562803e-02 
-1.142134830188420436e+00 -6.678777654256128071e-02 
-1.142410379226866501e+00 -6.693223724652891393e-02 
-1.142688286312319557e+00 -6.706609785973617621e-02 
-1.142968502784278861e+00 -6.718936295879439358e-02 
-1.143250978961722009e+00 -6.730203845191649881e-02 
-1.143535664166996479e+00 -6.740413156771543624e-02 
-1.143822506749847978e+00 -6.749565084435170392e-02 
-1.144111454111565340e+00 -6.757660611901833425e-02 
-1.144402452729224029e+00 -6.764700851775161394e-02 
-1.144695448180009567e+00 -6.770687044555596945e-02 
-1.144990385165608471e+00 -6.775620557683097178e-02 
-1.145287207536646257e+00 -6.779502884608908098e-02 
-1.145585858317162087e+00 -6.782335643895225086e-02 
-1.145886279729101620e+00 -6.784120578341575059e-02 
-1.146188413216821411e+00 -6.784859554136775384e-02 
-1.146492199471584872e+00 -6.784554560035319093e-02 
-1.146797578456044020e+00 -6.783207706557048411e-02 
-1.147104489428693919e+00 -6.780821225209003600e-02 
-1.147412870968287368e+00 -6.777397467728331348e-02 
-1.147722660998204747e+00 -6.772938905345156357e-02 
-1.148033796810765228e+00 -6.767448128064362800e-02 
-1.148346215091473388e+00 -6.760927843965194861e-02 
-1.148659851943192756e+00 -6.753380878517652175e-02 
-1.148974642910238764e+00 -6.744810173914665696e-02 
-1.149290523002381770e+00 -6.735218788419018721e-02 
-1.149607426718759484e+00 -6.724609895724067976e-02 
-1.149925288071685259e+00 -6.712986784327271139e-02 
-1.150244040610352014e+00 -6.700352856915588184e-02 
-1.150563617444424924e+00 -6.686711629761832310e-02 
-1.150883951267515526e+00 -6.672066732131060052e-02 
-1.151204974380537926e+00 -6.656421905696144337e-02 
-1.151526618714938222e+00 -6.639781003961618688e-02 
-1.151848815855793351e+00 -6.622147991695014058e-02 
-1.152171497064781169e+00 -6.603526944364822293e-02 
-1.152494593303010850e+00 -6.583922047584295223e-02 
-1.152818035253716733e+00 -6.563337596560334108e-02 
-1.153141753344808507e+00 -6.541777995546665947e-02 
-1.153465677771279729e+00 -6.519247757300591917e-02 
-1.153789738517466246e+00 -6.495751502542604361e-02 
-1.154113865379158943e+00 -6.471293959418139563e-02 
-1.154437987985564185e+00 -6.445879962960825160e-02 
-1.154762035821112587e+00 -6.419514454556535243e-02 
-1.155085938247111921e+00 -6.392202481407630033e-02 
-1.155409624523247469e+00 -6.363949195996757013e-02 
-1.155733023828923178e+00 -6.334759855549607077e-02 
-1.156056065284444934e+00 -6.304639821496038632e-02 
-1.156378677972046631e+00 -6.273594558929020126e-02 
-1.156700790956752822e+00 -6.241629636060807423e-02 
-1.157022333307084372e+00 -6.208750723675880712e-02 
-1.157343234115598696e+00 -6.174963594580056697e-02 
-1.157663422519270346e+00 -6.140274123045336846e-02 
-1.157982827719705288e+00 -6.104688284249980279e-02 
-1.158301379003195741e+00 -6.068212153713327395e-02 
-1.158619005760606280e+00 -6.030851906724962741e-02 
-1.158935637507097383e+00 -5.992613817767723783e-02 
-1.159251203901683569e+00 -5.953504259934198906e-02 
-1.159565634766626330e+00 -5.913529704336248360e-02 
-1.159878860106657861e+00 -5.872696719507201901e-02 
-1.160190810128042926e+00 -5.831011970796335514e-02 
-1.160501415257468860e+00 -5.788482219755269192e-02 
-1.160810606160772362e+00 -5.745114323515922161e-02 
-1.161118313761495102e+00 -5.700915234159722317e-02 
-1.161424469259273007e+00 -5.655891998077702126e-02 
-1.161729004148057465e+00 -5.610051755321215916e-02 
-1.162031850234164665e+00 -5.563401738942937852e-02 
-1.162332939654159514e+00 -5.515949274327899832e-02 
-1.162632204892564802e+00 -5.467701778514250793e-02 
-1.162929578799404506e+00 -5.418666759503518865e-02 
-1.163224994607572782e+00 -5.368851815560084922e-02 
-1.163518385950033540e+00 -5.318264634499689225e-02 
-1.163809686876846383e+00 -5.266912992966672064e-02 
-1.164098831872020012e+00 -5.214804755699804090e-02 
-1.164385755870194661e+00 -5.161947874786452367e-02 
-1.164670394273145559e+00 -5.108350388904926015e-02 
-1.164952682966116981e+00 -5.054020422554801606e-02 
-1.165232558333976209e+00 -4.998966185275067337e-02 
-1.165509957277194530e+00 -4.943195970849930537e-02 
-1.165784817227648373e+00 -4.886718156502125460e-02 
-1.166057076164243700e+00 -4.829541202073621420e-02 
-1.166326672628360761e+00 -4.771673649193541866e-02 
-1.166593545739118332e+00 -4.713124120433273556e-02 
-1.166857635208458532e+00 -4.653901318448556979e-02 
-1.167118881356045579e+00 -4.594014025108552474e-02 
-1.167377225123986006e+00 -4.533471100611734944e-02 
-1.167632608091360158e+00 -4.472281482588588014e-02 
-1.167884972488569595e+00 -4.410454185191015064e-02 
-1.168134261211498215e+00 -4.347998298168422038e-02 
-1.168380417835482632e+00 -4.284922985930405409e-02 
-1.168623386629094485e+00 -4.221237486596080696e-02 
-1.168863112567732010e+00 -4.156951111029925927e-02 
-1.169099541347017102e+00 -4.092073241864253169e-02 
-1.169332619395999417e+00 -4.026613332508189452e-02 
-1.169562293890165083e+00 -3.960580906143269103e-02 
-1.169788512764247335e+00 -3.893985554705587521e-02 
-1.170011224724839982e+00 -3.826836937854615622e-02 
-1.170230379262807929e+00 -3.759144781928625695e-02 
-1.170445926665498515e+00 -3.690918878886895876e-02 
-1.170657818028746799e+00 -3.622169085238623187e-02 
-1.170866005268677457e+00 -3.552905320958730379e-02 
-1.171070441133297502e+00 -3.483137568390564515e-02 
-1.171271079213882071e+00 -3.412875871135614275e-02 
-1.171467873956148376e+00 -3.342130332930373648e-02 
-1.171660780671216484e+00 -3.270911116510373529e-02 
-1.171849755546359395e+00 -3.199228442461610200e-02 
-1.172034755655531724e+00 -3.127092588059407485e-02 
-1.172215738969685450e+00 -3.054513886094909619e-02 
-1.172392664366862736e+00 -2.981502723689331141e-02 
-1.172565491642068913e+00 -2.908069541096128946e-02 
-1.172734181516921881e+00 -2.834224830491240826e-02 
-1.172898695649075007e+00 -2.759979134751618796e-02 
-1.173058996641415330e+00 -2.685343046222165436e-02 
-1.173215048051030385e+00 -2.610327205471370260e-02 
-1.173366814397946767e+00 -2.534942300035736631e-02 
-1.173514261173634221e+00 -2.459199063153313242e-02 
-1.173657354849277246e+00 -2.383108272486473070e-02 
-1.173796062883808888e+00 -2.306680748834239944e-02 
-1.173930353731708731e+00 -2.229927354834317435e-02 
-1.174060196850559734e+00 -2.152858993655179520e-02 
-1.174185562708365493e+00 -2.075486607678348958e-02 
-1.174306422790623028e+00 -1.997821177171245008e-02 
-1.174422749607152205e+00 -1.919873718950779531e-02 
-1.174534516698679143e+00 -1.841655285038041462e-02 
-1.174641698643171805e+00 -1.763176961304323970e-02 
-1.174744271061925804e+00 -1.684449866108806912e-02 
-1.174842210625401284e+00 -1.605485148928158939e-02 
-1.174935495058805568e+00 -1.526293988978428932e-02 
-1.175024103147424448e+00 -1.446887593829454532e-02 
-1.175108014741696794e+00 -1.367277198012202544e-02 
-1.175187210762035139e+00 -1.287474061619297942e-02 
-1.175261673203388479e+00 -1.207489468899077684e-02 
-1.175331385139543716e+00 -1.127334726843560835e-02 
-1.175396330727173311e+00 -1.047021163770600789e-02 
-1.175456495209616259e+00 -9.665601279006320878e-03 
-1.175511864920401717e+00 -8.859629859283226980e-03 
-1.175562427286508171e+00 -8.052411215895165231e-03 
-1.175608170831359933e+00 -7.244059342237823759e-03 
-1.175649085177558506e+00 -6.434688373330065686e-03 
-1.175685161049350613e+00 -5.624412571362963527e-03 
-1.175716390274828882e+00 -4.813346311216901673e-03 
-1.175742765787867627e+00 -4.001604065949113109e-03 
-1.175764281629791963e+00 -3.189300392256648985e-03 
-1.175780932950778013e+00 -2.376549915917582165e-03 
-1.175792716010988004e+00 -1.563467317214971763e-03 
-1.175799628181437129e+00 -7.501673163469435839e-04 
-1.175801667944589735e+00 6.323534117295517604e-05 
-1.175798834894691058e+00 8.766258991217443057e-04 
-1.175791129737828511e+00 1.689889605174807160e-03 
-1.175778554291725175e+00 2.502911725512443116e-03 
-1.175761111485265298e+00 3.315577559420641862e-03 
-1.175738805357751104e+00 4.127772453882688417e-03 
-1.175711641057893608e+00 4.939381818157450275e-03 
-1.175679624842533411e+00 5.750291138340938787e-03 
-1.175642764075097046e+00 6.560385991906827682e-03 
-1.175601067223783325e+00 7.369552062222508963e-03 
-1.175554543859488099e+00 8.177675153036807754e-03 
-1.175503204653459255e+00 8.984641202935466850e-03 
-1.175447061374688795e+00 9.790336299761113678e-03 
-1.175386126887041138e+00 1.059464669499330693e-02 
-1.175320415146116737e+00 1.139745881808598184e-02 
-1.175249941195854797e+00 1.219865929075744475e-02 
-1.175174721164873537e+00 1.299813494123072677e-02 
-1.175094772262549769e+00 1.379577281841948798e-02 
-1.175010112774839355e+00 1.459146020605699666e-02 
-1.174920762059840307e+00 1.538508463676401677e-02 
-1.174826740543096992e+00 1.617653390605267028e-02 
-1.174728069712649647e+00 1.696569608626261397e-02 
-1.174624772113829207e+00 1.775245954042673283e-02 
-1.174516871343797897e+00 1.853671293606240847e-02 
-1.174404392045840462e+00 1.931834525888603479e-02 
-1.174287359903401606e+00 2.009724582644699387e-02 
-1.174165801633877404e+00 2.087330430167849346e-02 
-1.174039744982157796e+00 2.164641070636205006e-02 
-1.173909218713924840e+00 2.241645543450313319e-02 
-1.173774252608704716e+00 2.318332926561447391e-02 
-1.173634877452678138e+00 2.394692337790527148e-02 
-1.173491125031251636e+00 2.470712936137241592e-02 
-1.173343028121387466e+00 2.546383923079247741e-02 
-1.173190620483697488e+00 2.621694543861091686e-02 
-1.173033936854300352e+00 2.696634088772651566e-02 
-1.172873012936446635e+00 2.771191894416906443e-02 
-1.172707885391910620e+00 2.845357344966703908e-02 
-1.172538591832152477e+00 2.919119873410440727e-02 
-1.172365170809252177e+00 2.992468962786334896e-02 
-1.172187661806617376e+00 3.065394147405180875e-02 
-1.172006105229465689e+00 3.137885014061314592e-02 
-1.171820542395085818e+00 3.209931203231710523e-02 
-1.171631015522875963e+00 3.281522410262914524e-02 
-1.171437567724165518e+00 3.352648386545789561e-02 
-1.171240242991817615e+00 3.423298940677793611e-02 
-1.171039086189618494e+00 3.493463939612762720e-02 
-1.170834143041450837e+00 3.563133309797955617e-02 
-1.170625460120259254e+00 3.632297038298357844e-02 
-1.170413084836802176e+00 3.700945173907999042e-02 
-1.170197065428199013e+00 3.769067828248320873e-02 
-1.169977450946270148e+00 3.836655176853369376e-02 
-1.169754291245670430e+00 3.903697460241835338e-02 
-1.169527636971825268e+00 3.970184984975805992e-02 
-1.169297539548660447e+00 4.036108124706178080e-02 
-1.169064051166136098e+00 4.101457321204731582e-02 
-1.168827224767582162e+00 4.166223085382684405e-02 
-1.168587114036838681e+00 4.230395998295874427e-02 
-1.168343773385200235e+00 4.293966712136408626e-02 
-1.168097257938169653e+00 4.356925951210841724e-02 
-1.167847623522019651e+00 4.419264512904813591e-02 
-1.167594926650165066e+00 4.480973268634236284e-02 
-1.167339224509345907e+00 4.542043164782996051e-02 
-1.167080574945625671e+00 4.602465223627176527e-02 
-1.166819036450202463e+00 4.662230544245914848e-02 
-1.166554668145036056e+00 4.721330303418865698e-02 
-1.166287529768293307e+00 4.779755756510403741e-02 
-1.166017681659611727e+00 4.837498238340519341e-02 
-1.165745184745180962e+00 4.894549164042634459e-02 
-1.165470100522646657e+00 4.950900029908315153e-02 
-1.165192491045836443e+00 5.006542414219040948e-02 
-1.164912418909307190e+00 5.061467978065088691e-02 
-1.164629947232717067e+00 5.115668466151714749e-02 
-1.164345139645023064e+00 5.169135707592722312e-02 
-1.164058060268501560e+00 5.221861616691584468e-02 
-1.163768773702599901e+00 5.273838193710224387e-02 
-1.163477345007610575e+00 5.325057525625712801e-02 
-1.163183839688176624e+00 5.375511786874932751e-02 
-1.162888323676625424e+00 5.425193240087528707e-02 
-1.162590863316130152e+00 5.474094236807211522e-02 
-1.162291525343704945e+00 5.522207218201732187e-02 
-1.161990376873026865e+00 5.569524715761670769e-02 
-1.161687485377092655e+00 5.616039351988325740e-02 
-1.161382918670705200e+00 5.661743841070882716e-02 
-1.161076744892793000e+00 5.706630989553179711e-02 
-1.160769032488563779e+00 5.750693696990315934e-02 
-1.160459850191488673e+00 5.793924956595333797e-02 
-1.160149267005123663e+00 5.836317855876355792e-02 
-1.159837352184762249e+00 5.877865577264378832e-02 
-1.159524175218924036e+00 5.918561398732131301e-02 
-1.159209805810679006e+00 5.958398694404244689e-02 
-1.158894313858805036e+00 5.997370935159133942e-02 
-1.158577769438783989e+00 6.035471689222917518e-02 
-1.158260242783631044e+00 6.072694622755752530e-02 
-1.157941804264561947e+00 6.109033500430944424e-02 
-1.157622524371498818e+00 6.144482186007262786e-02 
-1.157302473693409439e+00 6.179034642894846996e-02 
-1.156981722898488441e+00 6.212684934715141660e-02 
-1.156660342714173506e+00 6.245427225855264969e-02 
-1.156338403907002821e+00 6.277255782017321373e-02 
-1.156015977262311312e+00 6.308164970763081858e-02 
-1.155693133563765240e+00 6.338149262054541822e-02 
-1.155369943572740254e+00 6.367203228790828395e-02 
-1.155046478007540012e+00 6.395321547342017188e-02 
-1.154722807522455597e+00 6.422498998080357346e-02 
-1.154399002686671061e+00 6.448730465909474630e-02 
-1.154075133963011535e+00 6.474010940792103430e-02 
-1.153751271686537239e+00 6.498335518276955602e-02 
-1.153427486042985395e+00 6.521699400025322835e-02 
-1.153103847047058927e+00 6.544097894338017640e-02 
-1.152780424520567060e+00 6.565526416683307998e-02 
-1.152457288070414920e+00 6.585980490226518713e-02 
-1.152134507066450153e+00 6.605455746361953151e-02 
-1.151812150619162534e+00 6.623947925247840318e-02 
-1.151490287557242143e+00 6.641452876345030343e-02 
-1.151168986404999428e+00 6.657966558960180803e-02 
-1.150848315359647156e+00 6.673485042794174982e-02 
-1.150528342268450022e+00 6.688004508496560307e-02 
-1.150209134605741923e+00 6.701521248226802174e-02 
-1.149890759449818667e+00 6.714031666223180261e-02 
-1.149573283459706330e+00 6.725532279380146139e-02 
-1.149256772851811714e+00 6.736019717835023402e-02 
-1.148941293376457784e+00 6.745490725564920464e-02 
-1.148626910294310743e+00 6.753942160994753918e-02 
-1.148313688352701645e+00 6.761370997617313638e-02 
-1.148001691761851406e+00 6.767774324626293914e-02 
-1.147690984171002127e+00 6.773149347563280076e-02 
-1.147381628644462914e+00 6.777493388979639877e-02 
-1.147073687637577999e+00 6.780803889114338234e-02 
-1.146767222972621791e+00 6.783078406588693987e-02 
-1.146462295814633103e+00 6.784314619119116707e-02 
-1.146158966647191635e+00 6.784510324248856084e-02 
-1.145857295248151386e+00 6.783663440099879649e-02 
-1.145557340665338097e+00 6.781772006145915521e-02 
-1.145259161192219377e+00 6.778834184007805075e-02 
-1.144962814343562174e+00 6.774848258272250789e-02 
-1.144668356831086475e+00 6.769812637335098637e-02 
-1.144375844539129217e+00 6.763725854270306870e-02 
-1.144085332500329510e+00 6.756586567725718362e-02 
-1.143796874871351843e+00 6.748393562846818905e-02 
-1.143510524908660342e+00 6.739145752229633302e-02 
-1.143226334944357436e+00 6.728842176903916672e-02 
-1.142944356362108671e+00 6.717482007347819195e-02 
-1.142664639573164997e+00 6.705064544535166426e-02 
-1.142387233992504081e+00 6.691589221016547295e-02 
-1.142112188015109497e+00 6.677055602035320003e-02 
-1.141839548992406028e+00 6.661463386679715437e-02 
-1.141569363208873700e+00 6.644812409072135828e-02 
-1.141301675858860776e+00 6.627102639596772760e-02 
-1.141036531023622569e+00 6.608334186166628377e-02 
-1.140773971648603613e+00 6.588507295530997288e-02 
-1.140514039520996503e+00 6.567622354624434722e-02 
-1.140256775247594723e+00 6.545679891958219865e-02 
-1.140002218232976761e+00 6.522680579055249728e-02 
-1.139750406658039728e+00 6.498625231929282264e-02 
-1.139501377458921993e+00 6.473514812609365565e-02 
-1.139255166306337941e+00 6.447350430710277469e-02 
-1.139011807585361025e+00 6.420133345049675033e-02 
-1.138771334375690003e+00 6.391864965312629709e-02 
-1.138533778432426091e+00 6.362546853764117216e-02 
-1.138299170167405672e+00 6.332180727009979748e-02 
-1.138067538631119202e+00 6.300768457806710243e-02 
-1.137838911495254957e+00 6.268312076920405651e-02 
-1.137613315035912454e+00 6.234813775035050187e-02 
-1.137390774117517767e+00 6.200275904710185471e-02 
-1.137171312177490234e+00 6.164700982387921052e-02 
-1.136954951211698317e+00 6.128091690449056356e-02 
-1.136741711760751006e+00 6.090450879318015653e-02 
-1.136531612897168753e+00 6.051781569616012518e-02 
-1.136324672213480991e+00 6.012086954361829660e-02 
-1.136120905811296655e+00 5.971370401219312785e-02 
-1.135920328291395442e+00 5.929635454790577881e-02 
-1.135722952744888214e+00 5.886885838953620498e-02 
-1.135528790745498506e+00 5.843125459242953096e-02 
-1.135337852343012210e+00 5.798358405271492738e-02 
-1.135150146057948728e+00 5.752588953191884596e-02 
-1.134965678877502437e+00 5.705821568195023480e-02 
-1.134784456252808882e+00 5.658060907043407223e-02 
-1.134606482097585634e+00 5.609311820636617152e-02 
-1.134431758788200018e+00 5.559579356606011297e-02 
-1.134260287165216763e+00 5.508868761935328123e-02 
-1.134092066536475985e+00 5.457185485603725100e-02 
-1.133927094681752346e+00 5.404535181247338560e-02 
-1.133765367859049578e+00 5.350923709835329195e-02 
-1.133606880812574769e+00 5.296357142355769682e-02 
-1.133451626782446375e+00 5.240841762506710105e-02 
-1.133299597516181922e+00 5.184384069387167060e-02 
-1.133150783282010687e+00 5.126990780182655999e-02 
-1.133005172884056222e+00 5.068668832839320904e-02 
-1.132862753679435563e+00 5.009425388720542549e-02 
-1.132723511597308885e+00 4.949267835239496566e-02 
-1.132587431159923552e+00 4.888203788460722399e-02 
-1.132454495505684999e+00 4.826241095663512393e-02 
-1.132324686414286408e+00 4.763387837859459767e-02 
-1.132197984333930041e+00 4.699652332256375881e-02 
-1.132074368410660448e+00 4.635043134660110642e-02 
-1.131953816519833511e+00 4.569569041805831427e-02 
-1.131836305299741330e+00 4.503239093609744809e-02 
-1.131721810187397814e+00 4.436062575332112845e-02 
-1.131610305456502763e+00 4.368049019641967456e-02 
-1.131501764257576870e+00 4.299208208573785522e-02 
-1.131396158660273876e+00 4.229550175366041803e-02 
-1.131293459697853221e+00 4.159085206171431875e-02 
-1.131193637413802300e+00 4.087823841628199228e-02 
-1.131096660910588581e+00 4.015776878281961809e-02 
-1.131002498400506928e+00 3.942955369847248037e-02 
-1.130911117258595278e+00 3.869370628297813530e-02 
-1.130822484077569579e+00 3.795034224774732068e-02 
-1.130736564724732274e+00 3.719957990301277218e-02 
-1.130653324400795023e+00 3.644154016293543741e-02 
-1.130572727700552171e+00 3.567634654855892512e-02 
-1.130494738675331234e+00 3.490412518850288109e-02 
-1.130419320897137148e+00 3.412500481728850815e-02 
-1.130346437524404557e+00 3.333911677119073130e-02 
-1.130276051369259793e+00 3.254659498151452057e-02 
-1.130208124966183503e+00 3.174757596519569430e-02 
-1.130142620641965800e+00 3.094219881262940883e-02 
-1.130079500586827379e+00 3.013060517263571950e-02 
-1.130018726926578898e+00 2.931293923447384625e-02 
-1.129960261795682763e+00 2.848934770682417725e-02 
-1.129904067411067858e+00 2.765997979366158210e-02 
-1.129850106146550237e+00 2.682498716695158950e-02 
-1.129798340607698126e+00 2.598452393610608049e-02 
-1.129748733706974262e+00 2.513874661414484263e-02 
-1.129701248738989028e+00 2.428781408051601878e-02 
-1.129655849455680761e+00 2.343188754053835907e-02 
-1.129612500141248477e+00 2.257113048143663189e-02 
-1.129571165686642731e+00 2.170570862495127887e-02 
-1.129531811663432306e+00 2.083578987651390005e-02 
-1.129494404396847784e+00 1.996154427099115433e-02 
-1.129458911037808377e+00 1.908314391500882598e-02 
-1.129425299633736168e+00 1.820076292588104078e-02 
-1.129393539197959040e+00 1.731457736717941301e-02 
-1.129363599777503113e+00 1.642476518099014737e-02 
-1.129335452519081739e+00 1.553150611691684994e-02 
-1.129309069733082760e+00 1.463498165790033841e-02 
-1.129284424955363297e+00 1.373537494293809551e-02 
-1.129261493006666006e+00 1.283287068679745020e-02 
-1.129240250049468264e+00 1.192765509682808603e-02 
-1.129220673642093109e+00 1.101991578699140426e-02 
-1.129202742789902736e+00 1.010984168923576704e-02 
-1.129186437993416448e+00 9.197622962355690712e-03 
-1.129171741293194531e+00 8.283450898485580569e-03 
-1.129158636311340391e+00 7.367517827386725615e-03 
-1.129147108289484613e+00 6.450017018697316862e-03 
-1.129137144123127046e+00 5.531142582321822015e-03 
-1.129128732392215451e+00 4.611089367145829870e-03 
-1.129121863387863467e+00 3.690052858269324190e-03 
-1.129116529135115732e+00 2.768229072957407565e-03 
-1.129112723411678676e+00 1.845814455513112348e-03 
-1.129110441762559036e+00 9.230057712825843119e-04 
